function y = funkforpunkt1(x)
    y = -4.7513 * exp((6702) * x) + 4.7513 * exp((-24868) * x);
%    y = 60.75 * (exp(-30038 * x) - exp(-164 * x));
%    y = (0.5976 .* exp(0.1 .* x) .* cos(0.55677 .* x - 0.344) - 0.5976 .* exp(0.1 .* x) .* cos(0.55677 .* x + 0.344) - 3.6369 .* exp(0.1 .* x) .* sin(0.55677 .* x));
%    y = 11046.65 * exp(-164 * x) - 2011046.85 * exp(-30038 * x);
end
